# ----------- dobry fotky -----------
perfect_images = [1,3,12, 26, 28, 29, 30, 31, 32, 33, 38, 39, 42, 51, 61, 62, 63, 64, 67, 72, 84,98 ]
good_images = [0, 14, 17,18, 20, 23, 25,35, 36, 43, 44, 45, 48, 52, 55, 58,94,95 ]
good_images_one_side_injection = [37, ]


# ----------- spatny fotky -----------
good_for_bad_images = [2, 8, 13, 19, 21, 22, 34, 40, 54, 65, 69, 80, 85, 88, 89]
spacially_bad_but_good = [11, 41, 46, 47, 93]
bad_images = [4, 5, 6, 9, 15, 16, 49, 50, 53, 57, 59, 60, 66, 68, 71, 73, 74, 75, 76, 77, 78, 79, 81, 83, 86, 87, 91, 92, 96,99]


two_incisions = [7, 27, 97]

na_vysku = 56
podkova = 90
